1.0   64   
2.0   64   
3.0   71   
3.5   71   
4.0   72   
5.0   64   
5.0   71   64   
5.125   64   
6.0   64   
6.0   71   64   
6.125   64   
7.0   64   
7.0   71   64   
7.125   64   
7.5   79   
7.75   77   
8.0   76   
9.0   72   
10.0   76   
11.0   83   
11.5   83   
12.0   84   
13.0   83   
14.0   83   
15.0   83   
15.5   79   
15.75   77   
16.0   76   
17.0   57   
17.25   69   
17.5   60   
17.75   72   
18.0   64   
19.0   57   
19.25   69   
19.5   60   
19.75   72   
20.0   64   
21.0   57   
21.25   69   
21.5   60   
21.75   72   
22.0   64   
23.0   69   
23.25   81   
23.5   72   
23.75   84   
24.0   76   
129.0   64   
130.0   64   
131.0   71   
131.5   71   
132.0   72   
133.0   64   
133.0   71   64   
133.125   64   
134.0   64   
134.0   71   64   
134.125   64   
135.0   64   
135.0   71   64   
135.125   64   
135.5   79   
135.75   77   
136.0   76   
137.0   72   
138.0   76   
139.0   83   
139.5   83   
140.0   84   
141.0   83   
142.0   83   
143.0   83   
143.5   79   
143.75   77   
144.0   76   
145.0   57   
145.25   69   
145.5   60   
145.75   72   
146.0   64   
147.0   57   
147.25   69   
147.5   60   
147.75   72   
148.0   64   
149.0   57   
149.25   69   
149.5   60   
149.75   72   
150.0   64   
151.0   69   
151.25   81   
151.5   72   
151.75   84   
152.0   76   
